4 1 3 2 4
4 5 7 6 8
4 9 11 10 12
4 13 15 14 16
4 17 18 19 20
4 21 23 22 24
4 25 27 26 28
4 29 31 30 32
4 33 35 34 36
4 37 38 39 40
4 41 43 42 44
4 45 47 46 48
4 49 51 50 52
4 53 55 54 56
4 57 58 59 60
4 61 63 62 64
4 65 67 66 68
4 69 71 70 72
4 73 75 74 76
4 77 78 79 80
4 81 83 82 84
4 85 87 86 88
4 89 91 90 92
4 93 95 94 96
4 97 98 99 100
4 101 103 102 104
4 105 107 106 108
4 109 111 110 112
4 113 115 114 116
4 117 118 119 120
4 121 123 122 124
4 125 127 126 128
4 129 131 130 132
4 133 135 134 136
4 137 138 139 140
