0 1 2 3 4 0
0 5 6 7 8 0
0 9 10 11 12 0
0 13 14 15 16 0
0 8 16 12 4 0
0 17 18 19 20 0
0 21 22 7 23 0
0 24 25 26 27 0
0 28 29 15 30 0
0 23 30 27 20 0
0 31 32 33 34 0
0 35 36 37 38 0
0 39 40 26 41 0
0 42 29 43 44 0
0 38 44 41 34 0
0 45 46 47 48 0
0 49 50 51 52 0
0 53 54 55 56 0
0 57 58 59 60 0
0 52 60 56 48 0
0 61 62 63 64 0
0 65 6 66 67 0
0 68 10 55 69 0
0 70 58 71 72 0
0 67 72 69 64 0
0 73 74 75 76 0
0 77 22 66 78 0
0 79 25 80 81 0
0 82 83 71 84 0
0 78 84 81 76 0
0 85 86 87 88 0
0 89 36 51 90 0
0 91 40 80 92 0
0 93 83 59 94 0
0 90 94 92 88 0
