3 1 3 2 
3 1 3 4 
3 1 2 4 
3 3 2 4 
3 5 2 3 
3 5 2 8 
3 5 3 8 
3 2 3 8 
3 9 2 4 
3 9 2 8 
3 9 4 8 
3 2 4 8 
3 13 4 3 
3 13 4 8 
3 13 3 8 
3 4 3 8 
3 8 3 2 
3 8 3 4 
3 8 2 4 
3 3 2 4 
3 21 3 22 
3 21 3 24 
3 21 22 24 
3 3 22 24 
3 5 22 3 
3 5 22 8 
3 5 3 8 
3 22 3 8 
3 29 22 24 
3 29 22 8 
3 29 24 8 
3 22 24 8 
3 13 24 3 
3 13 24 8 
3 13 3 8 
3 24 3 8 
3 8 3 22 
3 8 3 24 
3 8 22 24 
3 3 22 24 
3 41 43 42 
3 41 43 24 
3 41 42 24 
3 43 42 24 
3 45 42 43 
3 45 42 8 
3 45 43 8 
3 42 43 8 
3 29 42 24 
3 29 42 8 
3 29 24 8 
3 42 24 8 
3 13 24 43 
3 13 24 8 
3 13 43 8 
3 24 43 8 
3 8 43 42 
3 8 43 24 
3 8 42 24 
3 43 42 24 
3 61 63 62 
3 61 63 64 
3 61 62 64 
3 63 62 64 
3 45 62 63 
3 45 62 8 
3 45 63 8 
3 62 63 8 
3 9 62 64 
3 9 62 8 
3 9 64 8 
3 62 64 8 
3 73 64 63 
3 73 64 8 
3 73 63 8 
3 64 63 8 
3 8 63 62 
3 8 63 64 
3 8 62 64 
3 63 62 64 
3 81 83 2 
3 81 83 64 
3 81 2 64 
3 83 2 64 
3 5 2 83 
3 5 2 8 
3 5 83 8 
3 2 83 8 
3 9 2 64 
3 9 2 8 
3 9 64 8 
3 2 64 8 
3 73 64 83 
3 73 64 8 
3 73 83 8 
3 64 83 8 
3 8 83 2 
3 8 83 64 
3 8 2 64 
3 83 2 64 
3 101 83 22 
3 101 83 104 
3 101 22 104 
3 83 22 104 
3 5 22 83 
3 5 22 8 
3 5 83 8 
3 22 83 8 
3 29 22 104 
3 29 22 8 
3 29 104 8 
3 22 104 8 
3 73 104 83 
3 73 104 8 
3 73 83 8 
3 104 83 8 
3 8 83 22 
3 8 83 104 
3 8 22 104 
3 83 22 104 
3 121 63 42 
3 121 63 104 
3 121 42 104 
3 63 42 104 
3 45 42 63 
3 45 42 8 
3 45 63 8 
3 42 63 8 
3 29 42 104 
3 29 42 8 
3 29 104 8 
3 42 104 8 
3 73 104 63 
3 73 104 8 
3 73 63 8 
3 104 63 8 
3 8 63 42 
3 8 63 104 
3 8 42 104 
3 63 42 104 
